2	2	1	1	2	2	2	2	3	2	2	3	1	1	1	1	2	2	1	1	3	1	3	2	1	2	3	3	L
3	1	2	1	2	1	3	3	1	2	2	2	1	3	3	3	2	1	1	2	3	2	3	1	1	1	2	2	L
1	1	2	2	1	2	1	3	2	2	1	1	1	3	2	2	3	3	1	1	3	2	3	2	2	3	1	3	L
1	2	2	2	1	2	3	2	3	2	1	2	1	2	2	1	3	2	1	1	3	2	3	2	1	2	1	2	L
1	1	2	2	2	1	2	3	3	3	1	3	2	2	2	2	3	3	3	1	3	2	3	2	1	3	1	3	M
2	3	3	1	2	1	2	3	2	2	1	2	3	2	2	3	2	3	2	1	3	2	3	3	1	3	2	3	M
1	1	1	1	1	1	2	3	3	3	2	3	2	2	2	3	3	2	2	3	3	2	3	3	2	2	1	3	M
3	2	2	1	1	3	3	2	3	3	1	2	2	3	3	1	3	2	2	2	3	2	3	2	2	3	2	2	M
3	1	2	1	3	2	3	2	3	3	2	3	2	3	3	3	3	3	2	2	3	2	3	3	1	2	2	2	H
2	1	2	1	1	2	2	3	3	3	3	2	3	2	3	1	3	3	3	2	2	3	3	3	1	3	3	3	H
